GRP_SORT_ORDER	GRP1_CODE_DESC	PARENT_MARKET_CODE	MARKET_GROUP_DESCRIPTION	PM_DAY_ROOM	PM_DAY_PERSON	PM_MONTH_ROOM	PM_MONTH_PERSON	PM_YEAR_ROOM	PM_YEAR_PRS	PM_DAY_CREV	PM_MONTH_CREV	PM_YEAR_CREV	PM_YEAR_ARR	PM_MONTH_ARR	PM_DAY_ARR	PM_DAY_PER_OCC	PM_MTD_PER_OCC	PM_YTD_PER_OCC	GRP2_CODE	SUB_GRP_CODE_DESC	DESCRIPTION	GRAPH_X_CODE	ROOMS_DAY	ROOM_REV_DAY	ROOMS_MTD	GUEST_MTD	ROOM_REV_MTD	ROOMS_YTD	GUEST_YTD	ROOM_REV_YTD	GUEST_DAY	ADR_DAY	ADR_MTD	ADR_YTD	PER_OCC_DAY	PER_OCC_MTD	PER_OCC_YTD
				108	304	566	1612	14832	37859	78983.65	303416.11	6651624.58	448.464440	536.070866	731.330093	43.5483871	38.0376344	27.4341521	COM	COM	Commercial	COM	59	65093.48	229	580	217307.29	5568	14042	4696416.64	164	1103.27932	948.940131	843.465632	23.7903226	15.3897849	10.2989050
				108	304	566	1612	14832	37859	78983.65	303416.11	6651624.58	448.464440	536.070866	731.330093	43.5483871	38.0376344	27.4341521	PKG	PKG	Package	PKG	2	1281.74	19	75	11227.08	748	2124	272235.53	8	640.87	590.898947	363.951243	.806451613	1.27688172	1.38354543
				108	304	566	1612	14832	37859	78983.65	303416.11	6651624.58	448.464440	536.070866	731.330093	43.5483871	38.0376344	27.4341521	WHD	WHD	Wholesale-N Am	WHD	13	12608.43	81	218	74881.74	1161	2856	744797.97	32	969.879231	924.465926	641.514186	5.24193548	5.44354839	2.14745487
				108	304	566	1612	14832	37859	78983.65	303416.11	6651624.58	448.464440	536.070866	731.330093	43.5483871	38.0376344	27.4341521	WHI	WHI	Wholesale International	WHI	0	0	0	0	0	1685	3440	816638.08	0	0	0	484.651680	0	0	3.11667653
				108	304	566	1612	14832	37859	78983.65	303416.11	6651624.58	448.464440	536.070866	731.330093	43.5483871	38.0376344	27.4341521	GCP	GCP	Group-Corporate	GCP	0	0	0	0	0	320	382	125791.68	0	0	0	393.099	0	0	.591891092
				108	304	566	1612	14832	37859	78983.65	303416.11	6651624.58	448.464440	536.070866	731.330093	43.5483871	38.0376344	27.4341521	CNT	CNT	Contract	CNT	29	0	193	681	0	3122	11194	1602.7	93	0	0	.513356823	11.6935484	12.9704301	5.77463747
				108	304	566	1612	14832	37859	78983.65	303416.11	6651624.58	448.464440	536.070866	731.330093	43.5483871	38.0376344	27.4341521	CMP	CMP	Complimentary	CMP	1	0	8	14	0	996	2157	-5858.01	2	0	0	-5.8815361	.403225806	.537634409	1.84226102
				108	304	566	1612	14832	37859	78983.65	303416.11	6651624.58	448.464440	536.070866	731.330093	43.5483871	38.0376344	27.4341521	HSU	HSU	House Use	HSU	4	0	36	44	0	1232	1664	-.01	5	0	0	-.00000812	1.61290323	2.41935484	2.27878070
S_DAY_ROOMS	S_DAY_PERSONS	S_MONTH_RMS	S_MONTH_PRS	S_YEAR_RMS	S_YEAR_PRS	S_DAY_ARR	S_MONTH_ARR	S_YEAR_ARR	LOGO	S_DAY_CREV	S_MONTH_CREV	S_YEAR_CREV	S_YTD_PER_OCC	S_MTD_PER_OCC	S_DAY_PER_OCC	CF_PERIOD_TEXT	CF_LEG_ROOMS_MTD	CF_LEG_REVENUE_MTD
108	304	566	1612	14832	37859	731.330093	536.070866	448.464440		78983.65	303416.11	6651624.58	27.4341521	38.0376344	43.5483871	MONTH	Rooms Month to Date	Room Revenue Month to Date
