GRP_SORT_ORDER	GRP1_CODE_DESC	PARENT_MARKET_CODE	MARKET_GROUP_DESCRIPTION	PM_DAY_ROOM	PM_DAY_PERSON	PM_MONTH_ROOM	PM_MONTH_PERSON	PM_YEAR_ROOM	PM_YEAR_PRS	PM_DAY_CREV	PM_MONTH_CREV	PM_YEAR_CREV	PM_YEAR_ARR	PM_MONTH_ARR	PM_DAY_ARR	PM_DAY_PER_OCC	PM_MTD_PER_OCC	PM_YTD_PER_OCC	GRP2_CODE	SUB_GRP_CODE_DESC	DESCRIPTION	GRAPH_X_CODE	ROOMS_DAY	ROOM_REV_DAY	ROOMS_MTD	GUEST_MTD	ROOM_REV_MTD	ROOMS_YTD	GUEST_YTD	ROOM_REV_YTD	GUEST_DAY	ADR_DAY	ADR_MTD	ADR_YTD	PER_OCC_DAY	PER_OCC_MTD	PER_OCC_YTD
				38	84	2378	6488	9036	23376	11881.82	1379934.33	4414015.53	488.492201	580.291981	312.679474	15.3225806	34.2453917	30.8775287	COM	COM	Commercial	COM	13	8414.71	1149	3032	1084015.31	3461	9092	3040640.06	34	647.285385	943.442393	878.543791	5.24193548	16.5466590	11.8268179
				38	84	2378	6488	9036	23376	11881.82	1379934.33	4414015.53	488.492201	580.291981	312.679474	15.3225806	34.2453917	30.8775287	PKG	PKG	Package	PKG	3	413.43	151	420	62725.8	393	1110	166360.05	6	137.81	415.402649	423.308015	1.20967742	2.17453917	1.34294697
				38	84	2378	6488	9036	23376	11881.82	1379934.33	4414015.53	488.492201	580.291981	312.679474	15.3225806	34.2453917	30.8775287	WHD	WHD	Wholesale-N Am	WHD	6	2762.06	280	700	204498.62	696	1711	416703.74	14	460.343333	730.352214	598.712270	2.41935484	4.03225806	2.37834882
				38	84	2378	6488	9036	23376	11881.82	1379934.33	4414015.53	488.492201	580.291981	312.679474	15.3225806	34.2453917	30.8775287	WHI	WHI	Wholesale International	WHI	1	285.44	8	8	2270.72	1611	3346	762699.12	1	285.44	283.84	473.432104	.403225806	.115207373	5.50505741
				38	84	2378	6488	9036	23376	11881.82	1379934.33	4414015.53	488.492201	580.291981	312.679474	15.3225806	34.2453917	30.8775287	GCP	GCP	Group-Corporate	GCP	0	0	68	130	26206.64	68	130	26206.64	0	0	385.391765	385.391765	0	.979262673	.232367414
				38	84	2378	6488	9036	23376	11881.82	1379934.33	4414015.53	488.492201	580.291981	312.679474	15.3225806	34.2453917	30.8775287	CNT	CNT	Contract	CNT	7	0	456	1726	310.1	1696	6161	1303.2	17	0	.680043860	.768396226	2.82258065	6.56682028	5.79551668
				38	84	2378	6488	9036	23376	11881.82	1379934.33	4414015.53	488.492201	580.291981	312.679474	15.3225806	34.2453917	30.8775287	CMP	CMP	Complimentary	CMP	3	6.18	126	300	-92.86	381	829	102.73	6	2.06	-.73698413	.269632546	1.20967742	1.81451613	1.30194095
				38	84	2378	6488	9036	23376	11881.82	1379934.33	4414015.53	488.492201	580.291981	312.679474	15.3225806	34.2453917	30.8775287	HSU	HSU	House Use	HSU	5	0	140	172	0	730	997	-.01	6	0	0	-.00001370	2.01612903	2.01612903	2.49453253
S_DAY_ROOMS	S_DAY_PERSONS	S_MONTH_RMS	S_MONTH_PRS	S_YEAR_RMS	S_YEAR_PRS	S_DAY_ARR	S_MONTH_ARR	S_YEAR_ARR	LOGO	S_DAY_CREV	S_MONTH_CREV	S_YEAR_CREV	S_YTD_PER_OCC	S_MTD_PER_OCC	S_DAY_PER_OCC	CF_PERIOD_TEXT	CF_LEG_ROOMS_MTD	CF_LEG_REVENUE_MTD
38	84	2378	6488	9036	23376	312.679474	580.291981	488.492201		11881.82	1379934.33	4414015.53	30.8775287	34.2453917	15.3225806	MONTH	Rooms Month to Date	Room Revenue Month to Date
