GRP_SORT_ORDER	GRP1_CODE_DESC	PARENT_MARKET_CODE	MARKET_GROUP_DESCRIPTION	PM_DAY_ROOM	PM_DAY_PERSON	PM_MONTH_ROOM	PM_MONTH_PERSON	PM_YEAR_ROOM	PM_YEAR_PRS	PM_DAY_CREV	PM_MONTH_CREV	PM_YEAR_CREV	PM_YEAR_ARR	PM_MONTH_ARR	PM_DAY_ARR	PM_DAY_PER_OCC	PM_MTD_PER_OCC	PM_YTD_PER_OCC	GRP2_CODE	SUB_GRP_CODE_DESC	DESCRIPTION	GRAPH_X_CODE	ROOMS_DAY	ROOM_REV_DAY	ROOMS_MTD	GUEST_MTD	ROOM_REV_MTD	ROOMS_YTD	GUEST_YTD	ROOM_REV_YTD	GUEST_DAY	ADR_DAY	ADR_MTD	ADR_YTD	PER_OCC_DAY	PER_OCC_MTD	PER_OCC_YTD
				124	357	694	2081	18344	48136	96137.17	556531.49	8940182.98	487.362788	801.918573	775.299758	50	46.6397849	29.7059205	COM	COM	Commercial	COM	39	62702.58	227	641	424450.07	6723	17290	6303750.27	106	1607.75846	1869.82410	937.639487	15.7258065	15.2553763	10.8870968
				124	357	694	2081	18344	48136	96137.17	556531.49	8940182.98	487.362788	801.918573	775.299758	50	46.6397849	29.7059205	PKG	PKG	Package	PKG	8	7562.59	29	97	21684.21	943	2768	410533.5	25	945.32375	747.731379	435.348356	3.22580645	1.94892473	1.52707605
				124	357	694	2081	18344	48136	96137.17	556531.49	8940182.98	487.362788	801.918573	775.299758	50	46.6397849	29.7059205	WHD	WHD	Wholesale-N Am	WHD	16	25884.33	54	151	90573.52	1616	4123	1257318.76	37	1617.77063	1677.28741	778.043787	6.45161290	3.62903226	2.61691929
				124	357	694	2081	18344	48136	96137.17	556531.49	8940182.98	487.362788	801.918573	775.299758	50	46.6397849	29.7059205	WHI	WHI	Wholesale International	WHI	0	0	1	2	1881.71	1696	3462	828104.31	0	0	1881.71	488.269051	0	.067204301	2.74646975
				124	357	694	2081	18344	48136	96137.17	556531.49	8940182.98	487.362788	801.918573	775.299758	50	46.6397849	29.7059205	GCP	GCP	Group-Corporate	GCP	0	0	0	0	0	320	382	125791.68	0	0	0	393.099	0	0	.518201840
				124	357	694	2081	18344	48136	96137.17	556531.49	8940182.98	487.362788	801.918573	775.299758	50	46.6397849	29.7059205	WEDD	WEDD	Weeding	WEDD	0	-12.33	12	20	17941.98	12	20	17941.98	0	0	1495.165	1495.165	0	.806451613	.019432569
				124	357	694	2081	18344	48136	96137.17	556531.49	8940182.98	487.362788	801.918573	775.299758	50	46.6397849	29.7059205	CNT	CNT	Contract	CNT	45	0	277	996	0	4374	15499	2600.5	159	0	0	.594535894	18.1451613	18.6155914	7.08317140
				124	357	694	2081	18344	48136	96137.17	556531.49	8940182.98	487.362788	801.918573	775.299758	50	46.6397849	29.7059205	CMP	CMP	Complimentary	CMP	8	0	44	97	0	1204	2588	-5858.01	17	0	0	-4.8654568	3.22580645	2.95698925	1.94973442
				124	357	694	2081	18344	48136	96137.17	556531.49	8940182.98	487.362788	801.918573	775.299758	50	46.6397849	29.7059205	HSU	HSU	House Use	HSU	8	0	50	77	0	1456	2004	-.01	13	0	0	-.00000687	3.22580645	3.36021505	2.35781837
S_DAY_ROOMS	S_DAY_PERSONS	S_MONTH_RMS	S_MONTH_PRS	S_YEAR_RMS	S_YEAR_PRS	S_DAY_ARR	S_MONTH_ARR	S_YEAR_ARR	LOGO	S_DAY_CREV	S_MONTH_CREV	S_YEAR_CREV	S_YTD_PER_OCC	S_MTD_PER_OCC	S_DAY_PER_OCC	CF_PERIOD_TEXT	CF_LEG_ROOMS_MTD	CF_LEG_REVENUE_MTD
124	357	694	2081	18344	48136	775.299758	801.918573	487.362788		96137.17	556531.49	8940182.98	29.7059205	46.6397849	50	MONTH	Rooms Month to Date	Room Revenue Month to Date
