GRP_SORT_ORDER	GRP1_CODE_DESC	PARENT_MARKET_CODE	MARKET_GROUP_DESCRIPTION	PM_DAY_ROOM	PM_DAY_PERSON	PM_MONTH_ROOM	PM_MONTH_PERSON	PM_YEAR_ROOM	PM_YEAR_PRS	PM_DAY_CREV	PM_MONTH_CREV	PM_YEAR_CREV	PM_YEAR_ARR	PM_MONTH_ARR	PM_DAY_ARR	PM_DAY_PER_OCC	PM_MTD_PER_OCC	PM_YTD_PER_OCC	GRP2_CODE	SUB_GRP_CODE_DESC	DESCRIPTION	GRAPH_X_CODE	ROOMS_DAY	ROOM_REV_DAY	ROOMS_MTD	GUEST_MTD	ROOM_REV_MTD	ROOMS_YTD	GUEST_YTD	ROOM_REV_YTD	GUEST_DAY	ADR_DAY	ADR_MTD	ADR_YTD	PER_OCC_DAY	PER_OCC_MTD	PER_OCC_YTD
				77	102	164	234	9307	23842	27011.39	54324.02	4509791.96	484.559145	331.244024	350.797273	31.0483871	33.0645161	30.7608408	COM	COM	Commercial	COM	9	5747.61	20	48	12976.19	3529	9260	3085592.58	21	638.623333	648.8095	874.353239	3.62903226	4.03225806	11.6638022
				77	102	164	234	9307	23842	27011.39	54324.02	4509791.96	484.559145	331.244024	350.797273	31.0483871	33.0645161	30.7608408	PKG	PKG	Package	PKG	2	161.64	5	12	506.47	405	1138	167865.08	4	80.82	101.294	414.481679	.806451613	1.00806452	1.33857747
				77	102	164	234	9307	23842	27011.39	54324.02	4509791.96	484.559145	331.244024	350.797273	31.0483871	33.0645161	30.7608408	WHD	WHD	Wholesale-N Am	WHD	3	1195.84	6	11	2530.26	720	1762	427708.88	5	398.613333	421.71	594.040111	1.20967742	1.20967742	2.37969328
				77	102	164	234	9307	23842	27011.39	54324.02	4509791.96	484.559145	331.244024	350.797273	31.0483871	33.0645161	30.7608408	WHI	WHI	Wholesale International	WHI	0	0	0	0	0	1611	3346	762722.16	0	0	0	473.446406	0	0	5.32456372
				77	102	164	234	9307	23842	27011.39	54324.02	4509791.96	484.559145	331.244024	350.797273	31.0483871	33.0645161	30.7608408	GCP	GCP	Group-Corporate	GCP	48	19935.6	97	97	38326.64	165	227	64533.28	48	415.325	395.12	391.110788	19.3548387	19.5564516	.545346378
				77	102	164	234	9307	23842	27011.39	54324.02	4509791.96	484.559145	331.244024	350.797273	31.0483871	33.0645161	30.7608408	CNT	CNT	Contract	CNT	5	0	8	15	0	1718	6200	1303.2	11	0	0	.758556461	2.01612903	1.61290323	5.67821259
				77	102	164	234	9307	23842	27011.39	54324.02	4509791.96	484.559145	331.244024	350.797273	31.0483871	33.0645161	30.7608408	CMP	CMP	Complimentary	CMP	3	-29.3	16	36	-15.54	408	886	66.79	4	-9.7666667	-.97125	.163700980	1.20967742	3.22580645	1.34849286
				77	102	164	234	9307	23842	27011.39	54324.02	4509791.96	484.559145	331.244024	350.797273	31.0483871	33.0645161	30.7608408	HSU	HSU	House Use	HSU	7	0	12	15	0	751	1023	-.01	9	0	0	-.00001332	2.82258065	2.41935484	2.48215230
S_DAY_ROOMS	S_DAY_PERSONS	S_MONTH_RMS	S_MONTH_PRS	S_YEAR_RMS	S_YEAR_PRS	S_DAY_ARR	S_MONTH_ARR	S_YEAR_ARR	LOGO	S_DAY_CREV	S_MONTH_CREV	S_YEAR_CREV	S_YTD_PER_OCC	S_MTD_PER_OCC	S_DAY_PER_OCC	CF_PERIOD_TEXT	CF_LEG_ROOMS_MTD	CF_LEG_REVENUE_MTD
77	102	164	234	9307	23842	350.797273	331.244024	484.559145		27011.39	54324.02	4509791.96	30.7608408	33.0645161	31.0483871	MONTH	Rooms Month to Date	Room Revenue Month to Date
