GRP_SORT_ORDER	GRP1_CODE_DESC	PARENT_MARKET_CODE	MARKET_GROUP_DESCRIPTION	PM_DAY_ROOM	PM_DAY_PERSON	PM_MONTH_ROOM	PM_MONTH_PERSON	PM_YEAR_ROOM	PM_YEAR_PRS	PM_DAY_CREV	PM_MONTH_CREV	PM_YEAR_CREV	PM_YEAR_ARR	PM_MONTH_ARR	PM_DAY_ARR	PM_DAY_PER_OCC	PM_MTD_PER_OCC	PM_YTD_PER_OCC	GRP2_CODE	SUB_GRP_CODE_DESC	DESCRIPTION	GRAPH_X_CODE	ROOMS_DAY	ROOM_REV_DAY	ROOMS_MTD	GUEST_MTD	ROOM_REV_MTD	ROOMS_YTD	GUEST_YTD	ROOM_REV_YTD	GUEST_DAY	ADR_DAY	ADR_MTD	ADR_YTD	PER_OCC_DAY	PER_OCC_MTD	PER_OCC_YTD
				86	247	902	2587	15168	38834	36471.94	460021.35	6808229.82	448.854814	510.001497	424.092326	34.6774194	36.3709677	27.5501308	COM	COM	Commercial	COM	21	26914.7	329	878	337424.34	5668	14340	4816533.69	65	1281.65238	1025.60590	849.776586	8.46774194	13.2661290	10.2949724
				86	247	902	2587	15168	38834	36471.94	460021.35	6808229.82	448.854814	510.001497	424.092326	34.6774194	36.3709677	27.5501308	PKG	PKG	Package	PKG	1	734.41	22	81	13421.57	751	2130	274430.02	2	734.41	610.071364	365.419467	.403225806	.887096774	1.36406568
				86	247	902	2587	15168	38834	36471.94	460021.35	6808229.82	448.854814	510.001497	424.092326	34.6774194	36.3709677	27.5501308	WHD	WHD	Wholesale-N Am	WHD	9	8822.83	115	312	109175.44	1195	2950	779091.67	25	980.314444	949.351652	651.959556	3.62903226	4.63709677	2.17051729
				86	247	902	2587	15168	38834	36471.94	460021.35	6808229.82	448.854814	510.001497	424.092326	34.6774194	36.3709677	27.5501308	WHI	WHI	Wholesale International	WHI	0	0	0	0	0	1685	3440	816638.08	0	0	0	484.651680	0	0	3.06052020
				86	247	902	2587	15168	38834	36471.94	460021.35	6808229.82	448.854814	510.001497	424.092326	34.6774194	36.3709677	27.5501308	GCP	GCP	Group-Corporate	GCP	0	0	0	0	0	320	382	125791.68	0	0	0	393.099	0	0	.581226388
				86	247	902	2587	15168	38834	36471.94	460021.35	6808229.82	448.854814	510.001497	424.092326	34.6774194	36.3709677	27.5501308	CNT	CNT	Contract	CNT	41	0	351	1199	0	3280	11712	1602.7	134	0	0	.488628049	16.5322581	14.1532258	5.95757047
				86	247	902	2587	15168	38834	36471.94	460021.35	6808229.82	448.854814	510.001497	424.092326	34.6774194	36.3709677	27.5501308	CMP	CMP	Complimentary	CMP	7	0	24	40	0	1012	2183	-5858.01	12	0	0	-5.7885474	2.82258065	.967741935	1.83812845
				86	247	902	2587	15168	38834	36471.94	460021.35	6808229.82	448.854814	510.001497	424.092326	34.6774194	36.3709677	27.5501308	HSU	HSU	House Use	HSU	7	0	61	77	0	1257	1697	-.01	9	0	0	-.00000796	2.82258065	2.45967742	2.28312990
S_DAY_ROOMS	S_DAY_PERSONS	S_MONTH_RMS	S_MONTH_PRS	S_YEAR_RMS	S_YEAR_PRS	S_DAY_ARR	S_MONTH_ARR	S_YEAR_ARR	LOGO	S_DAY_CREV	S_MONTH_CREV	S_YEAR_CREV	S_YTD_PER_OCC	S_MTD_PER_OCC	S_DAY_PER_OCC	CF_PERIOD_TEXT	CF_LEG_ROOMS_MTD	CF_LEG_REVENUE_MTD
86	247	902	2587	15168	38834	424.092326	510.001497	448.854814		36471.94	460021.35	6808229.82	27.5501308	36.3709677	34.6774194	MONTH	Rooms Month to Date	Room Revenue Month to Date
