GRP_SORT_ORDER	GRP1_CODE_DESC	PARENT_MARKET_CODE	MARKET_GROUP_DESCRIPTION	PM_DAY_ROOM	PM_DAY_PERSON	PM_MONTH_ROOM	PM_MONTH_PERSON	PM_YEAR_ROOM	PM_YEAR_PRS	PM_DAY_CREV	PM_MONTH_CREV	PM_YEAR_CREV	PM_YEAR_ARR	PM_MONTH_ARR	PM_DAY_ARR	PM_DAY_PER_OCC	PM_MTD_PER_OCC	PM_YTD_PER_OCC	GRP2_CODE	SUB_GRP_CODE_DESC	DESCRIPTION	GRAPH_X_CODE	ROOMS_DAY	ROOM_REV_DAY	ROOMS_MTD	GUEST_MTD	ROOM_REV_MTD	ROOMS_YTD	GUEST_YTD	ROOM_REV_YTD	GUEST_DAY	ADR_DAY	ADR_MTD	ADR_YTD	PER_OCC_DAY	PER_OCC_MTD	PER_OCC_YTD
				91	255	816	2340	15082	38587	36735.76	423549.41	6771757.88	448.996014	519.055650	403.689670	36.6935484	36.5591398	27.5178806	COM	COM	Commercial	COM	24	27183.26	308	813	310509.64	5647	14275	4789618.99	70	1132.63583	1008.14818	848.170531	9.67741935	13.7992832	10.3032404
				91	255	816	2340	15082	38587	36735.76	423549.41	6771757.88	448.996014	519.055650	403.689670	36.6935484	36.5591398	27.5178806	PKG	PKG	Package	PKG	1	729.42	21	79	12687.16	750	2128	273695.61	2	729.42	604.150476	364.92748	.403225806	.940860215	1.36841337
				91	255	816	2340	15082	38587	36735.76	423549.41	6771757.88	448.996014	519.055650	403.689670	36.6935484	36.5591398	27.5178806	WHD	WHD	Wholesale-N Am	WHD	9	8823.08	106	287	100352.61	1186	2925	770268.84	24	980.342222	946.722736	649.467825	3.62903226	4.74910394	2.16391768
				91	255	816	2340	15082	38587	36735.76	423549.41	6771757.88	448.996014	519.055650	403.689670	36.6935484	36.5591398	27.5178806	WHI	WHI	Wholesale International	WHI	0	0	0	0	0	1685	3440	816638.08	0	0	0	484.651680	0	0	3.07436871
				91	255	816	2340	15082	38587	36735.76	423549.41	6771757.88	448.996014	519.055650	403.689670	36.6935484	36.5591398	27.5178806	GCP	GCP	Group-Corporate	GCP	0	0	0	0	0	320	382	125791.68	0	0	0	393.099	0	0	.583856371
				91	255	816	2340	15082	38587	36735.76	423549.41	6771757.88	448.996014	519.055650	403.689670	36.6935484	36.5591398	27.5178806	CNT	CNT	Contract	CNT	42	0	310	1065	0	3239	11578	1602.7	139	0	0	.494813214	16.9354839	13.8888889	5.90972121
				91	255	816	2340	15082	38587	36735.76	423549.41	6771757.88	448.996014	519.055650	403.689670	36.6935484	36.5591398	27.5178806	CMP	CMP	Complimentary	CMP	7	0	17	28	0	1005	2171	-5858.01	10	0	0	-5.8288657	2.82258065	.761648746	1.83367392
				91	255	816	2340	15082	38587	36735.76	423549.41	6771757.88	448.996014	519.055650	403.689670	36.6935484	36.5591398	27.5178806	HSU	HSU	House Use	HSU	8	0	54	68	0	1250	1688	-.01	10	0	0	-.000008	3.22580645	2.41935484	2.28068895
S_DAY_ROOMS	S_DAY_PERSONS	S_MONTH_RMS	S_MONTH_PRS	S_YEAR_RMS	S_YEAR_PRS	S_DAY_ARR	S_MONTH_ARR	S_YEAR_ARR	LOGO	S_DAY_CREV	S_MONTH_CREV	S_YEAR_CREV	S_YTD_PER_OCC	S_MTD_PER_OCC	S_DAY_PER_OCC	CF_PERIOD_TEXT	CF_LEG_ROOMS_MTD	CF_LEG_REVENUE_MTD
91	255	816	2340	15082	38587	403.689670	519.055650	448.996014		36735.76	423549.41	6771757.88	27.5178806	36.5591398	36.6935484	MONTH	Rooms Month to Date	Room Revenue Month to Date
