GRP_SORT_ORDER	GRP1_CODE_DESC	PARENT_MARKET_CODE	MARKET_GROUP_DESCRIPTION	PM_DAY_ROOM	PM_DAY_PERSON	PM_MONTH_ROOM	PM_MONTH_PERSON	PM_YEAR_ROOM	PM_YEAR_PRS	PM_DAY_CREV	PM_MONTH_CREV	PM_YEAR_CREV	PM_YEAR_ARR	PM_MONTH_ARR	PM_DAY_ARR	PM_DAY_PER_OCC	PM_MTD_PER_OCC	PM_YTD_PER_OCC	GRP2_CODE	SUB_GRP_CODE_DESC	DESCRIPTION	GRAPH_X_CODE	ROOMS_DAY	ROOM_REV_DAY	ROOMS_MTD	GUEST_MTD	ROOM_REV_MTD	ROOMS_YTD	GUEST_YTD	ROOM_REV_YTD	GUEST_DAY	ADR_DAY	ADR_MTD	ADR_YTD	PER_OCC_DAY	PER_OCC_MTD	PER_OCC_YTD
				105	290	1007	2877	15273	39124	59245.89	519267.24	6867475.71	449.648118	515.657637	564.246571	42.3387097	36.9134897	27.6164473	COM	COM	Commercial	COM	32	39159.56	361	970	376583.9	5700	14432	4855693.25	92	1223.73625	1043.16870	851.876009	12.9032258	13.2331378	10.3066686
				105	290	1007	2877	15273	39124	59245.89	519267.24	6867475.71	449.648118	515.657637	564.246571	42.3387097	36.9134897	27.6164473	PKG	PKG	Package	PKG	11	5852.09	33	110	19273.66	762	2159	280282.11	29	532.008182	584.050303	367.824291	4.43548387	1.20967742	1.37783885
				105	290	1007	2877	15273	39124	59245.89	519267.24	6867475.71	449.648118	515.657637	564.246571	42.3387097	36.9134897	27.6164473	WHD	WHD	Wholesale-N Am	WHD	15	14234.24	130	350	123409.68	1210	2988	793325.91	38	948.949333	949.305231	655.641248	6.04838710	4.76539589	2.18790684
				105	290	1007	2877	15273	39124	59245.89	519267.24	6867475.71	449.648118	515.657637	564.246571	42.3387097	36.9134897	27.6164473	WHI	WHI	Wholesale International	WHI	0	0	0	0	0	1685	3440	816638.08	0	0	0	484.651680	0	0	3.04679589
				105	290	1007	2877	15273	39124	59245.89	519267.24	6867475.71	449.648118	515.657637	564.246571	42.3387097	36.9134897	27.6164473	GCP	GCP	Group-Corporate	GCP	0	0	0	0	0	320	382	125791.68	0	0	0	393.099	0	0	.578619991
				105	290	1007	2877	15273	39124	59245.89	519267.24	6867475.71	449.648118	515.657637	564.246571	42.3387097	36.9134897	27.6164473	CNT	CNT	Contract	CNT	33	0	384	1308	0	3313	11821	1602.7	109	0	0	.483760942	13.3064516	14.0762463	5.99052510
				105	290	1007	2877	15273	39124	59245.89	519267.24	6867475.71	449.648118	515.657637	564.246571	42.3387097	36.9134897	27.6164473	CMP	CMP	Complimentary	CMP	8	0	32	54	0	1020	2197	-5858.01	14	0	0	-5.7431471	3.22580645	1.17302053	1.84435122
				105	290	1007	2877	15273	39124	59245.89	519267.24	6867475.71	449.648118	515.657637	564.246571	42.3387097	36.9134897	27.6164473	HSU	HSU	House Use	HSU	6	0	67	85	0	1263	1705	-.01	8	0	0	-.00000792	2.41935484	2.45601173	2.28374078
S_DAY_ROOMS	S_DAY_PERSONS	S_MONTH_RMS	S_MONTH_PRS	S_YEAR_RMS	S_YEAR_PRS	S_DAY_ARR	S_MONTH_ARR	S_YEAR_ARR	LOGO	S_DAY_CREV	S_MONTH_CREV	S_YEAR_CREV	S_YTD_PER_OCC	S_MTD_PER_OCC	S_DAY_PER_OCC	CF_PERIOD_TEXT	CF_LEG_ROOMS_MTD	CF_LEG_REVENUE_MTD
105	290	1007	2877	15273	39124	564.246571	515.657637	449.648118		59245.89	519267.24	6867475.71	27.6164473	36.9134897	42.3387097	MONTH	Rooms Month to Date	Room Revenue Month to Date
