GRP_SORT_ORDER	GRP1_CODE_DESC	PARENT_MARKET_CODE	MARKET_GROUP_DESCRIPTION	PM_DAY_ROOM	PM_DAY_PERSON	PM_MONTH_ROOM	PM_MONTH_PERSON	PM_YEAR_ROOM	PM_YEAR_PRS	PM_DAY_CREV	PM_MONTH_CREV	PM_YEAR_CREV	PM_YEAR_ARR	PM_MONTH_ARR	PM_DAY_ARR	PM_DAY_PER_OCC	PM_MTD_PER_OCC	PM_YTD_PER_OCC	GRP2_CODE	SUB_GRP_CODE_DESC	DESCRIPTION	GRAPH_X_CODE	ROOMS_DAY	ROOM_REV_DAY	ROOMS_MTD	GUEST_MTD	ROOM_REV_MTD	ROOMS_YTD	GUEST_YTD	ROOM_REV_YTD	GUEST_DAY	ADR_DAY	ADR_MTD	ADR_YTD	PER_OCC_DAY	PER_OCC_MTD	PER_OCC_YTD
				87	132	87	132	9230	23740	27312.63	27312.63	4482780.57	485.675035	313.938276	313.938276	35.0806452	35.0806452	30.7584644	COM	COM	Commercial	COM	11	7228.58	11	27	7228.58	3520	9239	3079844.97	27	657.143636	657.143636	874.955957	4.43548387	4.43548387	11.7302053
				87	132	87	132	9230	23740	27312.63	27312.63	4482780.57	485.675035	313.938276	313.938276	35.0806452	35.0806452	30.7584644	PKG	PKG	Package	PKG	3	344.83	3	8	344.83	403	1134	167703.44	8	114.943333	114.943333	416.137568	1.20967742	1.20967742	1.34297521
				87	132	87	132	9230	23740	27312.63	27312.63	4482780.57	485.675035	313.938276	313.938276	35.0806452	35.0806452	30.7584644	WHD	WHD	Wholesale-N Am	WHD	3	1334.42	3	6	1334.42	717	1757	426513.04	6	444.806667	444.806667	594.857796	1.20967742	1.20967742	2.38936284
				87	132	87	132	9230	23740	27312.63	27312.63	4482780.57	485.675035	313.938276	313.938276	35.0806452	35.0806452	30.7584644	WHI	WHI	Wholesale International	WHI	0	0	0	0	0	1611	3346	762722.16	0	0	0	473.446406	0	0	5.36856838
				87	132	87	132	9230	23740	27312.63	27312.63	4482780.57	485.675035	313.938276	313.938276	35.0806452	35.0806452	30.7584644	GCP	GCP	Group-Corporate	GCP	49	18391.04	49	49	18391.04	117	179	44597.68	49	375.327347	375.327347	381.176752	19.7580645	19.7580645	.389896028
				87	132	87	132	9230	23740	27312.63	27312.63	4482780.57	485.675035	313.938276	313.938276	35.0806452	35.0806452	30.7584644	CNT	CNT	Contract	CNT	3	0	3	4	0	1713	6189	1303.2	4	0	0	.760770578	1.20967742	1.20967742	5.70847774
				87	132	87	132	9230	23740	27312.63	27312.63	4482780.57	485.675035	313.938276	313.938276	35.0806452	35.0806452	30.7584644	CMP	CMP	Complimentary	CMP	13	13.76	13	32	13.76	405	882	96.09	32	1.05846154	1.05846154	.237259259	5.24193548	5.24193548	1.34964010
				87	132	87	132	9230	23740	27312.63	27312.63	4482780.57	485.675035	313.938276	313.938276	35.0806452	35.0806452	30.7584644	HSU	HSU	House Use	HSU	5	0	5	6	0	744	1014	-.01	6	0	0	-.00001344	2.01612903	2.01612903	2.47933884
S_DAY_ROOMS	S_DAY_PERSONS	S_MONTH_RMS	S_MONTH_PRS	S_YEAR_RMS	S_YEAR_PRS	S_DAY_ARR	S_MONTH_ARR	S_YEAR_ARR	LOGO	S_DAY_CREV	S_MONTH_CREV	S_YEAR_CREV	S_YTD_PER_OCC	S_MTD_PER_OCC	S_DAY_PER_OCC	CF_PERIOD_TEXT	CF_LEG_ROOMS_MTD	CF_LEG_REVENUE_MTD
87	132	87	132	9230	23740	313.938276	313.938276	485.675035		27312.63	27312.63	4482780.57	30.7584644	35.0806452	35.0806452	MONTH	Rooms Month to Date	Room Revenue Month to Date
